{
  "type": "lgbm_mock",
  "params": {
    "num_leaves": 8,
    "learning_rate": 0.12441011623957325,
    "max_depth": 8,
    "min_child_samples": 40,
    "subsample": 0.6656799522658551,
    "colsample_bytree": 0.9052236732678545
  },
  "score": 0.25172222222222224,
  "n_samples": 1440,
  "n_features": 9
}